{"map_name":"test_map_001","map_directory":"maps\/","helpers_objects":[],"all_static_colider_arr":-1.0,"map_part_static_colider_arr":-1.0,"celestial_objects":[],"general_gravity":[0.0,0.0,-166.77000000000001],"static_colider_arr":-1.0,"temporary_helpers":[],"controlable_objects":[{"character_sheet":{"load_camera":[1.0,"cam1","main_part","hard"],"bigchunk_pos":[2.0,5.0,2.0],"name":"camera_01","hash":11990022.0,"file_name":"camera_01.txt","file_directory":"controlled\/","colider_impostor":"ignore_me","load_controler":"mouse_keyboard","load_phy":["inertial_move",[0.01,5.0,0.050000000000000003]]},"part_naming":["main_part"],"part_dependency":[[]],"part_posMat":[[-0.66727042711488405,-0.69195187628393839,0.27559531564425715,0.0,-0.71886173485146643,0.69513643560947924,0.0048106189298776358,0.0,-0.19490506218223411,-0.19490494297294172,-0.96126171251145431,0.0,1418.3026123046875,2872.19970703125,1034.8226318359375,1.0]],"part_vsubmit":[[1418.3026123046875,2872.19970703125,1034.8226318359375,1418.7749776696201,2872.6967539645607,1033.5857748077817,-0.19490506218223411,-0.19490494297294172,-0.96126171251145431,0.39650311423592544,11.23917068047124,-133.95970845405463,-0.71886173485146643,0.69513643560947924,0.0048106189298776358,-0.66727046688730307,-0.69195191752748675,0.27559533207101905]],"part_texture_load_reference":[["tex_helpers","tex_normal_z"]],"part_vbuff_load_reference":[["vbuff_camera_01","N","N"]],"part_texture_shader_setings":[[0.0,1.0,1.0]],"part_vbuff_colider_load_reference":[["basic_cam_cube1","N","N"]],"part_texture_helper_load_reference":[["tex_helpers","tex_normal_z"]],"part_vbuff_helper_load_reference":[["vbuff_dir_arrow","5.","N"]],"part_dependency_load_reference":[["main_part",[[0.0,0.0,0.0,0.0,0.0,0.0,0.0,0.0,0.0]]]],"part_detector_lines_load_reference":[],"part_show_source":["@ref vertex_buffer(10)"],"part_colision_method":["solid"],"part_texture":[["0000000002ED52E4","0000000002ED52FA"]],"helper_texture":[["0000000002ED52E4","0000000002ED52FA"]],"part_helpers_source":["@ref vertex_buffer(216)"],"part_colisions_source":["@ref vertex_buffer(1)"],"part_detector_lines_results":[],"part_colisions_curent":["@ref vertex_buffer(219)"],"part_show_curent":["@ref vertex_buffer(217)"],"part_helpers_curent":["@ref vertex_buffer(218)"],"control_method":{"yaw":[["Rscreen","Lscreen"],[-1.0,1.0]],"pitch":[["Bscreen","Tscreen"],[-1.0,1.0]],"intertia_translation":[[0.0,0.0,0.0],[0.01,0.01,0.01],[5.0,5.0,5.0],[0.050000000000000003,0.050000000000000003,0.050000000000000003]],"strafe_fb":[["S","W"],[-1.0,1.0]],"temporary_values":{"tilt":0.0,"yaw":0.0,"pitch":0.0,"strafe_fb":0.0,"strafe_sides":0.0,"strafe_up":0.0,"action1":0.0,"slow":0.0,"jump":0.0,"action":0.0},"strafe_sides":[["D","A"],[-1.0,1.0]],"strafe_up":[["wUD"],[1.0]],"active":[1.0,"inertial_move","relative"],"camera":[1.0,"cam1","main_part","hard"],"input_from":["keymouse"],"slow":[["SHIFT"],[2.0]],"tilt":[["Q","E"],[-1.0,1.0]]}},{"character_sheet":{"load_camera":[0.0,"cam2","main_part","hard"],"bigchunk_pos":[0.0,0.0,1.0],"name":"camera_02","hash":7631191.0,"file_name":"camera_02.txt","file_directory":"controlled\/","colider_impostor":"ignore_me","load_controler":"none","load_phy":["no_phy"]},"part_naming":["main_part","test_1_part"],"part_dependency":[[],[0.0,1.0]],"part_posMat":[[-0.70710678118654768,-0.70710678118654768,0.0,0.0,-0.70710678118654491,0.70710678118654491,8.742277824528747e-08,0.0,-6.1817239327410551e-08,6.1817239327410551e-08,-0.99999999999999623,0.0,300.0,100.0,500.0,1.0],[-0.70710678118654768,-0.70710678118654768,0.0,0.0,-0.70710678118654491,0.70710678118654491,8.742277824528747e-08,0.0,-6.1817239327410551e-08,6.1817239327410551e-08,-0.99999999999999623,0.0,300.0,100.0,500.0,1.0]],"part_vsubmit":[[300.0,100.0,500.0,300.70710671936934,100.70710684300379,499.0,-6.1817239327410551e-08,6.1817239327410551e-08,-0.99999999999999623,7.0837338292215036e-06,-3.5418669146107586e-06,-135.0,-0.70710682333339592,0.70710682333339592,8.7422783456091424e-08,-0.70710682333339869,-0.70710682333339869,0.0],[300.0,100.0,500.0,300.70710671936934,100.70710684300379,499.0,-6.1817239327410551e-08,6.1817239327410551e-08,-0.99999999999999623,7.0837338292215036e-06,-3.5418669146107586e-06,-135.0,-0.70710682333339592,0.70710682333339592,8.7422783456091424e-08,-0.70710682333339869,-0.70710682333339869,0.0]],"part_texture_load_reference":[["tex_helpers","tex_normal_z"],["tex_helpers","tex_normal_z"]],"part_vbuff_load_reference":[["vbuff_camera_01","N","N"],["vbuff_pntrdir_01","N","N"]],"part_texture_shader_setings":[[0.0,1.0,1.0],[0.0,1.0,1.0]],"part_vbuff_colider_load_reference":[["basic_cam_cube1","N","N"],["vbuff_pntrdir_01","N","N"]],"part_texture_helper_load_reference":[["tex_helpers","tex_normal_z"],["tex_helpers","tex_normal_z"]],"part_vbuff_helper_load_reference":[["vbuff_dir_arrow","5.","N"],["vbuff_dir_arrow","2.","N"]],"part_dependency_load_reference":[["main_part",[[0.0,0.0,0.0,0.0,0.0,0.0,0.0,0.0,0.0]]],["main_part",[[0.0,0.0,0.0,0.0,0.0,0.0,0.0,0.0,0.0],[0.0,0.0,0.0,0.0,0.0,0.0,0.0,0.0,0.0]]]],"part_detector_lines_load_reference":[],"part_show_source":["@ref vertex_buffer(10)","@ref vertex_buffer(11)"],"part_colision_method":["solid","solid"],"part_texture":[["0000000002ED52E4","0000000002ED52FA"],["0000000002ED52E4","0000000002ED52FA"]],"helper_texture":[["0000000002ED52E4","0000000002ED52FA"],["0000000002ED52E4","0000000002ED52FA"]],"part_helpers_source":["@ref vertex_buffer(220)","@ref vertex_buffer(221)"],"part_colisions_source":["@ref vertex_buffer(1)","@ref vertex_buffer(11)"],"part_colisions_curent":["@ref vertex_buffer(224)","@ref vertex_buffer(227)"],"part_show_curent":["@ref vertex_buffer(222)","@ref vertex_buffer(225)"],"part_helpers_curent":["@ref vertex_buffer(223)","@ref vertex_buffer(226)"],"control_method":{"active":[0.0,"direct","relative"],"input_from":["noone"],"camera":[0.0,"cam2","main_part","hard"]}},{"character_sheet":{"anim_cycles":"door1_anim_cycle_01","bigchunk_pos":[3.0,6.0,1.0],"anim_pack":"door1_anim_pack_01","detector_pack":"door1_detector_lines_pack_01","items_swaps":"door1_items_swaps_01","body_measures":{"perform_action":0.0,"activator_resolving_mode":"basic_1_auto","sleep_time_stamp":[0.0,3.0]},"name":"doors_01","hash":12421470.0,"file_name":"doors_01.txt","file_directory":"controlled\/","load_controler":"none","load_phy":["door1"],"load_camera":[0.0,"cam2","main_part","hard"]},"part_naming":["main_part","door_1","activator_1"],"part_dependency":[[],[0.0,1.0],[0.0,2.0]],"part_posMat":[[0.17000000000000001,0.98999999999999999,0.0,0.0,0.98999999999999999,-0.17000000000000001,0.0,0.0,0.0,0.0,-1.0,0.0,1762.04,3225.77,842.0,1.0],[0.16924013278089675,0.98557484619703262,0.0,0.0,0.98557484619703262,-0.16924013278089675,0.0,0.0,0.0,0.0,-1.0,0.0,1762.0400390625,3225.77001953125,842.0,1.0],[0.17000000000000001,0.98999999999999999,0.0,0.0,0.98999999999999999,-0.17000000000000001,0.0,0.0,0.0,0.0,-1.0,0.0,1762.04,3225.77,842.0,1.0]],"part_vsubmit":[[1762.04,3225.77,842.0,1761.8699999999999,3224.7800000000002,841.0,0.0,0.0,-1.0,180.0,-0.0,80.25635871296285,0.985574868696382,-0.16924012896806562,0.0,0.16924012896806562,0.985574868696382,0.0],[1762.0400390625,3225.77001953125,842.0,1761.8707989297191,3224.7844446850531,841.0,0.0,0.0,-1.0,180.0,-0.0,80.256358279484559,0.98557484619703262,-0.16924013278089675,0.0,0.16924013278089675,0.98557484619703262,0.0],[1762.04,3225.77,842.0,1761.8699999999999,3224.7800000000002,841.0,0.0,0.0,-1.0,180.0,-0.0,80.25635871296285,0.985574868696382,-0.16924012896806562,0.0,0.16924012896806562,0.985574868696382,0.0]],"part_texture_load_reference":[["tex_body_01_nomaterial","tex_normal_z"],["tex_body_01_nomaterial","tex_normal_z"],["tex_body_01_nomaterial","tex_normal_z"]],"part_vbuff_load_reference":[["vbuff_doors_1b_show_around","1.","N"],["vbuff_doors_1b","1.","N"],["vbuff_empty","1.","N"]],"part_texture_shader_setings":[[7.0,2.0,0.0],[7.0,3.0,1.0],[0.0,1.0,1.0]],"part_vbuff_colider_load_reference":[["vbuff_doors_1b_colider_around","1.","N"],["vbuff_doors_1","1.","N"],["vbuff_doors1_activator2","1.","N"]],"part_texture_helper_load_reference":[["tex_helpers","tex_normal_z"],["tex_helpers","tex_normal_z"],["tex_helpers","tex_normal_z"]],"part_vbuff_helper_load_reference":[["vbuff_dir_arrow","5.","N"],["vbuff_dir_arrow","1.","N"],["vbuff_dir_arrow","1.","N"]],"part_dependency_load_reference":[["main_part",[[0.0,0.0,0.0,0.0,0.0,0.0,0.0,0.0,0.0]]],["main_part",[[0.0,0.0,0.0,0.0,0.0,0.0,0.0,0.0,0.0]]],["main_part",[[0.0,0.0,0.0,0.0,0.0,0.0,0.0,0.0,0.0]]]],"part_detector_lines_load_reference":[],"part_show_source":["@ref vertex_buffer(228)","@ref vertex_buffer(229)","@ref vertex_buffer(230)"],"part_colision_method":["solid","solid","activator"],"part_texture":[["0000000002ED4DA6","0000000002ED52FA"],["0000000002ED4DA6","0000000002ED52FA"],["0000000002ED4DA6","0000000002ED52FA"]],"helper_texture":[["0000000002ED52E4","0000000002ED52FA"],["0000000002ED52E4","0000000002ED52FA"],["0000000002ED52E4","0000000002ED52FA"]],"part_helpers_source":["@ref vertex_buffer(231)","@ref vertex_buffer(232)","@ref vertex_buffer(233)"],"part_colisions_source":["@ref vertex_buffer(234)","@ref vertex_buffer(235)","@ref vertex_buffer(236)"],"part_colisions_curent":["@ref vertex_buffer(237)","@ref vertex_buffer(238)","@ref vertex_buffer(239)"],"control_method":{"active":[0.0,"door1","relative"],"behaviour_cycle":"awaiting","ground_state":"closed","camera":[0.0,"cam2","main_part","hard"],"anim_stack":["basic_pose",0.0,[1.0,1.0,1.0]],"input_from":["noone"]}},{"character_sheet":{"load_camera":[0.0,"cam2","camera_back","rot_lerp"],"anim_cycles":"humanoid_sceleton_anim_cycle_01","bigchunk_pos":[3.0,6.0,2.0],"anim_pack":"humanoid_sceleton_anim_pack_01","respawn_point":[1905.0,3448.0,1201.0,0.0,300.0],"detector_pack":"humanoid_sceleton_detector_lines_pack_01","items_swaps":"humanoid_sceleton_items_swaps","body_measures":{"Lleg_R_01":9.2635040283203125,"foot_R_01":7.2672209739685059,"Lleg_L_01":9.2635040283203125,"foot_L_01":7.2672209739685059,"toe_L_01":2.4748737812042236,"toe_R_01":2.4748737812042236,"shoulder_R_01":4.3445367813110352,"spine_01":0.75,"spine_02":2.75,"Uarm_R_01":3.2882366180419922,"Farm_R_01":5.75,"Uarm_L_01":3.2882366180419922,"Farm_L_01":5.75,"hand_R_01":3.75,"dot_mainXY_to_anchor":[0.10000000000000001,0.5,3.0],"shoulder_L_01":4.3445367813110352,"hand_L_01":3.75,"walk_dot":-0.86602540378443871,"scrambling_dot":-0.50000000000000011,"perform_climbing":1.0,"climbing_dot":0.49999999999999978,"hang_controls_pause":[0.0,30.0],"idle_rot_speed":[1.0,3.0,1.0,1.0],"cam_rot_speed":15.0,"cam_pitch_speed":30.0,"det_col_ass_fwd":3.5,"cam_minus_pitch":[0.0,60.0,1.0,0.29999999999999999],"det_col_shoulderR_right":4.5191183090209961,"det_col_shoulderL_left":4.5191183090209961,"det_col_ass_back":-3.5,"keep_camera_back":[0.0,0.0,0.0,-50.0,50.0,0.0,0.0,-30.0,0.0],"det_past_main_part":[0.0,0.0,0.0],"walk_rot_speed":[1.0,2.0,1.0,1.0],"cam_pitch_mul":0.5,"scrambling_cam_pitch":-30.0,"jog_rot_speed":[1.0,2.0,1.0,1.0],"jump_strength":[10.0,7.0,5.0],"ass_pivot_01":0.0,"climb_rot_speed":[1.0,2.0,1.0,1.0],"jog_jump_strength_flat":[9.0,4.0,3.0],"jog_jump_strength_stepup":[11.0,3.0,2.0],"climb_cam_pose_angle":[30.0,15.0],"jog_jump_strength_stepdown":[8.0,5.0,4.0],"cam_minus_yaw":[0.0,60.0,1.0,0.29999999999999999],"climb_jump_strength":[10.0,10.0,10.0],"hang_jump_strength":[0.0,15.0,15.0],"hang_rot_speed":[1.0,2.0,1.0,1.0],"hang_cam_pose_angle":[60.0,-25.0,30.0],"walk_speed_up":[0.0,50.0,0.0,30.0],"jog_speed_up":[0.0,50.0,25.0,30.0],"jump_arr":[0.0,10.0,0.0,1.0],"neck_01":5.0,"mod_camera_back":[0.0,0.0,0.0,0.0,0.0,0.0,0.0,0.0,0.0],"head_01":2.5,"leg_L":21.825626254081726,"leg_R":21.825626254081726,"backpack_01":5.0,"stride_length_R":12.845526731014251,"stride_length_L":12.845526731014251,"hip_R_01":1.0,"Uleg_R_01":1.8200274705886841,"hip_L_01":1.0,"stride_width":5.6400549411773682,"Uleg_L_01":1.8200274705886841,"max_idle_states":2.0},"name":"humanoid_02","hash":8181101.0,"file_name":"humanoid_02.txt","file_directory":"controlled\/","colider_impostor":"ignore_me","load_controler":"pad0","load_phy":["humanoid_sceleton"]},"part_naming":["main_part","ass_pivot_01","spine_01","spine_02","neck_01","head_01","jaw_01","helmet_01","visor_01","shoulder_R_01","Uarm_R_01","Farm_R_01","hand_R_01","shoulder_L_01","Uarm_L_01","Farm_L_01","hand_L_01","hip_R_01","Uleg_R_01","Lleg_R_01","foot_R_01","toe_R_01","hip_L_01","Uleg_L_01","Lleg_L_01","foot_L_01","toe_L_01","backpack_01","scabbard_L_01","sword_L_01","scabbard_L_02","sword_L_02","scabbard_R_01","sword_R_01","axe_R_01","tool_L_01","tool_R_01","in_L_higshoe","in_R_higshoe","shield_01","shield_02","camera_back","det_innertial_dir_length","det_innertial_dir_length_raw","det_anchor","det_anchor_real","det_fwd_ground_C","det_fwd_ground_C_up","det_fwd_ground_C_down","det_fwd_ground_C_2down","det_col_ass_fwd","det_col_shoulderR_right","det_col_shoulderL_left","det_col_ass_back","det_past_main_part","det_catch_fwd_right","det_catch_fwd_left"],"part_dependency":[[],[0.0,1.0],[0.0,1.0,2.0],[0.0,1.0,2.0,3.0],[0.0,1.0,2.0,3.0,4.0],[0.0,1.0,2.0,3.0,4.0,5.0],[0.0,1.0,2.0,3.0,4.0,5.0,6.0],[0.0,1.0,2.0,3.0,4.0,5.0,7.0],[0.0,1.0,2.0,3.0,4.0,5.0,7.0,8.0],[0.0,1.0,2.0,3.0,9.0],[0.0,1.0,2.0,3.0,9.0,10.0],[0.0,1.0,2.0,3.0,9.0,10.0,11.0],[0.0,1.0,2.0,3.0,9.0,10.0,11.0,12.0],[0.0,1.0,2.0,3.0,13.0],[0.0,1.0,2.0,3.0,13.0,14.0],[0.0,1.0,2.0,3.0,13.0,14.0,15.0],[0.0,1.0,2.0,3.0,13.0,14.0,15.0,16.0],[0.0,1.0,17.0],[0.0,1.0,17.0,18.0],[0.0,1.0,17.0,18.0,19.0],[0.0,1.0,17.0,18.0,19.0,20.0],[0.0,1.0,17.0,18.0,19.0,20.0,21.0],[0.0,1.0,22.0],[0.0,1.0,22.0,23.0],[0.0,1.0,22.0,23.0,24.0],[0.0,1.0,22.0,23.0,24.0,25.0],[0.0,1.0,22.0,23.0,24.0,25.0,26.0],[0.0,1.0,2.0,3.0,27.0],[0.0,1.0,28.0],[0.0,1.0,28.0,29.0],[0.0,1.0,30.0],[0.0,1.0,30.0,31.0],[0.0,1.0,32.0],[0.0,1.0,32.0,33.0],[0.0,1.0,34.0],[0.0,1.0,2.0,3.0,35.0],[0.0,1.0,2.0,3.0,36.0],[0.0,1.0,22.0,23.0,24.0,37.0],[0.0,1.0,17.0,18.0,19.0,38.0],[0.0,1.0,2.0,3.0,39.0],[0.0,1.0,2.0,3.0,27.0,40.0],[0.0,41.0],[0.0,42.0],[0.0,43.0],[0.0,44.0],[0.0,45.0],[0.0,44.0,46.0],[0.0,44.0,46.0,47.0],[0.0,44.0,46.0,48.0],[0.0,44.0,46.0,49.0],[0.0,1.0,50.0],[0.0,1.0,2.0,3.0,51.0],[0.0,1.0,2.0,3.0,52.0],[0.0,1.0,53.0],[0.0,54.0],[0.0,55.0],[0.0,56.0]],"part_posMat":[[1.0,0.0,0.0,0.0,0.0,-0.99999999999999623,8.7422776573475527e-08,0.0,0.0,-8.7422776573475527e-08,-0.99999999999999623,0.0,1905.0,3448.0,1201.0,1.0],[1.0,0.0,0.0,0.0,0.0,-0.99999999999999623,8.7422776573475527e-08,0.0,0.0,-8.7422776573475527e-08,-0.99999999999999623,0.0,1905.0,3448.0,1201.0,1.0],[1.0,0.0,0.0,0.0,0.0,-0.99999999999999623,8.7422776573475527e-08,0.0,0.0,-8.7422776573475527e-08,-0.99999999999999623,0.0,1905.0,3448.0,1201.75,1.0],[1.0,0.0,0.0,0.0,0.0,-0.99999999999999623,8.7422776573475527e-08,0.0,0.0,-8.7422776573475527e-08,-0.99999999999999623,0.0,1905.0,3448.0,1204.5,1.0],[1.0,0.0,0.0,0.0,0.0,-0.99999999999999623,8.7422776573475527e-08,0.0,0.0,-8.7422776573475527e-08,-0.99999999999999623,0.0,1905.0,3448.0,1209.5,1.0],[1.0,0.0,0.0,0.0,0.0,-0.99999999999999623,8.7422776573475527e-08,0.0,0.0,-8.7422776573475527e-08,-0.99999999999999623,0.0,1905.0,3448.0,1212.0,1.0],[1.0,0.0,0.0,0.0,0.0,-0.99999999999999623,8.7422776573475527e-08,0.0,0.0,-8.7422776573475527e-08,-0.99999999999999623,0.0,1903.25,3448.0,1211.5,1.0],[1.0,0.0,0.0,0.0,0.0,-0.99999999999999623,8.7422776573475527e-08,0.0,0.0,-8.7422776573475527e-08,-0.99999999999999623,0.0,1905.0,3448.0,1213.0,1.0],[1.0,0.0,0.0,0.0,0.0,-0.99999999999999623,8.7422776573475527e-08,0.0,0.0,-8.7422776573475527e-08,-0.99999999999999623,0.0,1905.0,3448.0,1201.0,1.0],[0.90630777852121103,3.6946464547630247e-08,0.42261828000211554,0.0,1.905578801923797e-15,-0.99999999999999634,8.7422775040408268e-08,0.0,0.4226182800021171,-7.9231940233699538e-08,-0.90630777852120747,0.0,1904.5,3448.75,1208.75,1.0],[0.0014574546913659195,-0.078989835394710078,0.99687435603998742,0.0,0.036833608364963896,-0.99619470563797574,-0.078989833229874171,0.0,0.99932034959798521,0.036833603722463575,0.0014575720144957558,0.0,1905.84423828125,3451.75,1208.8250732421875,1.0],[0.50092235597051904,-0.049990403255305543,0.86404730939417718,0.0,0.036833607395531022,-0.99619470571208313,-0.078989832747310848,0.0,0.86470808869535665,0.071393752482890246,-0.49717487210360428,0.0,1905.8358154296875,3452.2041015625,1203.093017578125,1.0],[0.50092235610721281,-0.049990406952298158,0.86404730910103678,0.0,0.036833605536550809,-0.99619470552656297,-0.078989835953889337,0.0,0.86470808869535665,0.071393752482890246,-0.49717487210360428,0.0,1903.9573974609375,3452.3916015625,1199.852783203125,1.0],[0.90630777852121103,3.6946464547630247e-08,0.42261828000211554,0.0,1.905578801923797e-15,-0.99999999999999634,8.7422775040408268e-08,0.0,0.4226182800021171,-7.9231940233699538e-08,-0.90630777852120747,0.0,1904.5,3447.25,1208.75,1.0],[0.0014574612526653383,0.078990012850354785,0.99687434196923641,0.0,-0.036833608105341815,-0.9961946915672244,0.078990010806587393,0.0,0.99932034959798521,-0.036833603722463575,0.0014575720144957558,0.0,1905.84423828125,3444.25,1208.8250732421875,1.0],[0.5009223655764663,0.049990558209900074,0.8640472948601482,0.0,-0.036833606335098884,-0.99619469156141294,0.078990011705356022,0.0,0.86470808317583581,-0.071393841434145511,-0.49717486893008583,0.0,1905.8358154296875,3443.7958984375,1203.093017578125,1.0],[0.5009223655764663,0.049990558209900074,0.8640472948601482,0.0,-0.036833606335098884,-0.99619469156141294,0.078990011705356022,0.0,0.86470808317583581,-0.071393841434145511,-0.49717486893008583,0.0,1903.9573974609375,3443.6083984375,1199.852783203125,1.0],[1.0,0.0,0.0,0.0,0.0,-0.99999999999999623,8.7422776573475527e-08,0.0,0.0,-8.7422776573475527e-08,-0.99999999999999623,0.0,1905.0,3448.0,1200.0,1.0],[1.0,0.0,0.0,0.0,0.0,-0.99999999999999623,8.7422776573475527e-08,0.0,0.0,-8.7422776573475527e-08,-0.99999999999999623,0.0,1905.0,3449.75,1199.5,1.0],[1.0,0.0,0.0,0.0,0.0,-0.99999999999999623,8.7422776573475527e-08,0.0,0.0,-8.7422776573475527e-08,-0.99999999999999623,0.0,1905.5,3449.75,1190.25,1.0],[1.0,0.0,0.0,0.0,0.0,-0.99999999999999623,8.7422776573475527e-08,0.0,0.0,-8.7422776573475527e-08,-0.99999999999999623,0.0,1906.0,3449.75,1183.0,1.0],[1.0,0.0,0.0,0.0,0.0,-0.99999999999999623,8.7422776573475527e-08,0.0,0.0,-8.7422776573475527e-08,-0.99999999999999623,0.0,1904.25,3449.75,1181.25,1.0],[1.0,0.0,0.0,0.0,0.0,-0.99999999999999623,8.7422776573475527e-08,0.0,0.0,-8.7422776573475527e-08,-0.99999999999999623,0.0,1905.0,3448.0,1200.0,1.0],[1.0,0.0,0.0,0.0,0.0,-0.99999999999999623,8.7422776573475527e-08,0.0,0.0,-8.7422776573475527e-08,-0.99999999999999623,0.0,1905.0,3446.25,1199.5,1.0],[1.0,0.0,0.0,0.0,0.0,-0.99999999999999623,8.7422776573475527e-08,0.0,0.0,-8.7422776573475527e-08,-0.99999999999999623,0.0,1905.5,3446.25,1190.25,1.0],[1.0,0.0,0.0,0.0,0.0,-0.99999999999999623,8.7422776573475527e-08,0.0,0.0,-8.7422776573475527e-08,-0.99999999999999623,0.0,1906.0,3446.25,1183.0,1.0],[1.0,0.0,0.0,0.0,0.0,-0.99999999999999623,8.7422776573475527e-08,0.0,0.0,-8.7422776573475527e-08,-0.99999999999999623,0.0,1904.25,3446.25,1181.25,1.0],[1.0,0.0,0.0,0.0,0.0,-0.99999999999999623,8.7422776573475527e-08,0.0,0.0,-8.7422776573475527e-08,-0.99999999999999623,0.0,1908.0,3448.0,1208.5,1.0],[-0.97178342369407678,0.024779401409113416,0.23456973099533687,0.0,0.22225561607093078,0.42922214891060873,0.87542606084665453,0.0,-0.07898999024148369,0.90285897467454201,-0.42261833051973147,0.0,1901.3209228515625,3444.15771484375,1201.642333984375,1.0],[-0.97178342298331344,0.024779402781746215,0.23456973379490936,0.0,0.22225561917864972,0.42922214883136528,0.87542606009651125,0.0,-0.07898999024148369,0.90285897467454201,-0.42261833051973147,0.0,1901.3209228515625,3444.15771484375,1201.642333984375,1.0],[-0.80331512039111164,-0.18218954181314417,0.56700245872917565,0.0,0.47148009667077362,0.38711440576306361,0.79236920390309717,0.0,-0.36385620208309194,0.90385253648182395,-0.22507611268422392,0.0,1904.3748779296875,3444.249267578125,1202.650390625,1.0],[-0.80331510986109889,-0.18218953316735054,0.56700247642590951,0.0,0.47148011461197303,0.38711440983207568,0.79236919123969274,0.0,-0.36385620208309194,0.90385253648182395,-0.22507611268422392,0.0,1904.3748779296875,3444.249267578125,1202.650390625,1.0],[-0.13715324463232784,-0.21949094327583921,0.96592583219764194,0.0,-0.5838273083816522,-0.76984883577691088,-0.25783414056476356,0.0,0.8002091360854735,-0.59929666766370171,-0.022557540923659681,0.0,1902.7735595703125,3451.419189453125,1201.1502685546875,1.0],[-0.13715324625066028,-0.21949094540981157,0.96592583148294198,0.0,-0.58382730800147209,-0.76984883516849578,-0.25783414324224901,0.0,0.8002091360854735,-0.59929666766370171,-0.022557540923659681,0.0,1902.7735595703125,3451.419189453125,1201.1502685546875,1.0],[0.15038377572102107,0.086824026420169786,-0.98480775201867676,0.0,-0.5000001082839014,0.86602534126668451,-9.8530882919340609e-08,0.0,0.85286846096920277,0.49240399746560998,0.173648183301499,0.0,1907.199951171875,3451.64990234375,1197.1500244140625,1.0],[0.086824037063975276,-0.12894518172849326,-0.987843472771329,0.0,-0.087155726690337193,-0.98876920418933267,0.12140568418271422,0.0,-0.99240388244554589,0.075555284102434242,-0.097087245049016377,0.0,1907.6500244140625,3445.25,1203.0999755859375,1.0],[0.086824035958569482,0.12894500565110256,-0.98784349585220332,0.0,0.087155724165898743,-0.9887692260110299,-0.12140550827152151,0.0,-0.99240388276395963,-0.075555299027836795,-0.097087230179006334,0.0,1907.6500244140625,3450.75,1203.0999755859375,1.0],[0.08715580167822265,-0.2410012367159941,0.96660347099272703,0.0,-1.3172820404432522e-09,-0.97029574427035503,-0.24192182342822585,0.0,0.9961946929359875,0.021084889191055056,-0.084566903774317109,0.0,1906.8199462890625,3444.7744140625,1187.6939697265625,1.0],[0.087155805255756169,0.24100140498890518,0.96660342871500016,0.0,2.035509200310729e-09,-0.97029570215119232,0.24192199235895209,0.0,0.99619469262299354,-0.021084904085591185,-0.084566903747747071,0.0,1906.8199462890625,3451.2255859375,1187.6939697265625,1.0],[-4.3711388505032481e-08,0.99999999999999822,-4.3711388325229085e-08,0.0,0.1736481825329895,-3.5456910910215526e-08,-0.98480775215419003,0.0,-0.98480775215418959,-5.0637717395849293e-08,-0.17364818253298758,0.0,1907.0999755859375,3445.800048828125,1207.6500244140625,1.0],[1.910685464375439e-15,0.99999999999999922,-4.3711388286737889e-08,0.0,-4.3711388286738015e-08,-4.3711388286737763e-08,-0.99999999999999822,0.0,-0.99999999999999911,3.8213709303294069e-15,4.3711388286737889e-08,0.0,1909.5999755859375,3448.0,1206.5999755859375,1.0],[0.86602539989853322,4.3711388875144222e-08,0.50000000673058342,0.0,-1.2067369593470562e-15,-0.99999999999999611,8.74227786636052e-08,0.0,0.50000000673058542,-7.5710347455758143e-08,-0.86602539989852989,0.0,1955.0,3448.0,1251.0,1.0],[1.0,0.0,0.0,0.0,0.0,-0.99999999999999623,8.7422776573475527e-08,0.0,0.0,-8.7422776573475527e-08,-0.99999999999999623,0.0,1905.0,3448.0,1201.0,1.0],[1.0,0.0,0.0,0.0,0.0,-0.99999999999999623,8.7422776573475527e-08,0.0,0.0,-8.7422776573475527e-08,-0.99999999999999623,0.0,1905.0,3448.0,1201.0,1.0],[1.0,0.0,0.0,0.0,0.0,-0.99999999999999623,8.7422776573475527e-08,0.0,0.0,-8.7422776573475527e-08,-0.99999999999999623,0.0,1905.0,3448.0,1201.0,1.0],[1.0,0.0,0.0,0.0,0.0,-0.99999999999999623,8.7422776573475527e-08,0.0,0.0,-8.7422776573475527e-08,-0.99999999999999623,0.0,1905.0,3448.0,1201.0,1.0],[1.0,0.0,0.0,0.0,0.0,-0.99999999999999623,8.7422776573475527e-08,0.0,0.0,-8.7422776573475527e-08,-0.99999999999999623,0.0,1905.0,3448.0,1201.0,1.0],[1.0,0.0,0.0,0.0,0.0,-0.99999999999999623,8.7422776573475527e-08,0.0,0.0,-8.7422776573475527e-08,-0.99999999999999623,0.0,1905.0,3448.0,1201.0,1.0],[1.0,0.0,0.0,0.0,0.0,-0.99999999999999623,8.7422776573475527e-08,0.0,0.0,-8.7422776573475527e-08,-0.99999999999999623,0.0,1905.0,3448.0,1201.0,1.0],[1.0,0.0,0.0,0.0,0.0,-0.99999999999999623,8.7422776573475527e-08,0.0,0.0,-8.7422776573475527e-08,-0.99999999999999623,0.0,1905.0,3448.0,1201.0,1.0],[1.0,0.0,0.0,0.0,0.0,-0.99999999999999623,8.7422776573475527e-08,0.0,0.0,-8.7422776573475527e-08,-0.99999999999999623,0.0,1905.0,3448.0,1201.0,1.0],[1.0,0.0,0.0,0.0,0.0,-0.99999999999999623,8.7422776573475527e-08,0.0,0.0,-8.7422776573475527e-08,-0.99999999999999623,0.0,1905.0,3448.0,1201.0,1.0],[1.0,0.0,0.0,0.0,0.0,-0.99999999999999623,8.7422776573475527e-08,0.0,0.0,-8.7422776573475527e-08,-0.99999999999999623,0.0,1905.0,3448.0,1201.0,1.0],[1.0,0.0,0.0,0.0,0.0,-0.99999999999999623,8.7422776573475527e-08,0.0,0.0,-8.7422776573475527e-08,-0.99999999999999623,0.0,1905.0,3448.0,1201.0,1.0],[1.0,0.0,0.0,0.0,0.0,-0.99999999999999623,8.7422776573475527e-08,0.0,0.0,-8.7422776573475527e-08,-0.99999999999999623,0.0,1905.0,3448.0,1201.0,1.0],[1.0,0.0,0.0,0.0,0.0,-0.99999999999999623,8.7422776573475527e-08,0.0,0.0,-8.7422776573475527e-08,-0.99999999999999623,0.0,1905.0,3448.0,1201.0,1.0],[1.0,0.0,0.0,0.0,0.0,-0.99999999999999623,8.7422776573475527e-08,0.0,0.0,-8.7422776573475527e-08,-0.99999999999999623,0.0,1905.0,3448.0,1201.0,1.0]],"part_vsubmit":[[1905.0,3448.0,1201.0,1904.0,3447.9999999125771,1200.0,0.0,-8.7422776573475527e-08,-0.99999999999999623,179.99999499104385,5.0089561309753183e-06,0.0,0.0,-0.99999999999999623,8.7422776573475527e-08,1.0,0.0,0.0],[1905.0,3448.0,1201.0,1904.0,3447.9999999125771,1200.0,0.0,-8.7422776573475527e-08,-0.99999999999999623,179.99999499104385,5.0089561309753183e-06,0.0,0.0,-0.99999999999999623,8.7422776573475527e-08,1.0,0.0,0.0],[1905.0,3448.0,1201.75,1904.0,3447.9999999125771,1200.75,0.0,-8.7422776573475527e-08,-0.99999999999999623,179.99999499104385,5.0089561309753183e-06,0.0,0.0,-0.99999999999999623,8.7422776573475527e-08,1.0,0.0,0.0],[1905.0,3448.0,1204.5,1904.0,3447.9999999125771,1203.5,0.0,-8.7422776573475527e-08,-0.99999999999999623,179.99999499104385,5.0089561309753183e-06,0.0,0.0,-0.99999999999999623,8.7422776573475527e-08,1.0,0.0,0.0],[1905.0,3448.0,1209.5,1904.0,3447.9999999125771,1208.5,0.0,-8.7422776573475527e-08,-0.99999999999999623,179.99999499104385,5.0089561309753183e-06,0.0,0.0,-0.99999999999999623,8.7422776573475527e-08,1.0,0.0,0.0],[1905.0,3448.0,1212.0,1904.0,3447.9999999125771,1211.0,0.0,-8.7422776573475527e-08,-0.99999999999999623,179.99999499104385,5.0089561309753183e-06,0.0,0.0,-0.99999999999999623,8.7422776573475527e-08,1.0,0.0,0.0],[1903.25,3448.0,1211.5,1902.25,3447.9999999125771,1210.5,0.0,-8.7422776573475527e-08,-0.99999999999999623,179.99999499104385,5.0089561309753183e-06,0.0,0.0,-0.99999999999999623,8.7422776573475527e-08,1.0,0.0,0.0],[1905.0,3448.0,1213.0,1904.0,3447.9999999125771,1212.0,0.0,-8.7422776573475527e-08,-0.99999999999999623,179.99999499104385,5.0089561309753183e-06,0.0,0.0,-0.99999999999999623,8.7422776573475527e-08,1.0,0.0,0.0],[1905.0,3448.0,1201.0,1904.0,3447.9999999125771,1200.0,0.0,-8.7422776573475527e-08,-0.99999999999999623,179.99999499104385,5.0089561309753183e-06,0.0,0.0,-0.99999999999999623,8.7422776573475527e-08,1.0,0.0,0.0],[1904.5,3448.75,1208.75,1904.0163105014808,3448.7499998838216,1207.4210739414766,0.4226182800021171,-7.9231940233699538e-08,-0.90630777852120747,179.99999499104396,4.5396557780237697e-06,2.3357147943306453e-06,1.905578801923797e-15,-0.99999999999999634,8.7422775040408268e-08,0.90630783254136749,3.6946466749811275e-08,0.42261830519212951],[1905.84423828125,3451.75,1208.8250732421875,1906.8421011761568,3451.8658234391169,1207.8296564581619,0.99932034959798521,0.036833603722463575,0.0014575720144957558,-175.46641344430986,-2.1108875330682886,-88.94294591515262,0.036833608364963896,-0.99619470563797574,-0.078989833229874171,0.0014574547782369939,-0.078989840102871439,0.99687441545833289],[1905.8358154296875,3452.2041015625,1203.093017578125,1906.1996011624124,3452.3254857182383,1201.7317953966271,0.86470808869535665,0.071393752482890246,-0.49717487210360428,-175.46641347222675,-4.0940436732287449,-5.6990605884437571,0.036833607395531022,-0.99619470571208313,-0.078989832747310848,0.50092235597051904,-0.049990403255305543,0.86404730939417718],[1903.9573974609375,3452.3916015625,1199.852783203125,1904.3211831935257,3452.5129857219354,1198.4915610219202,0.86470808869535665,0.071393752482890246,-0.49717487210360428,-175.46641328811307,-4.0940436732287449,-5.6990610055929594,0.036833605536550809,-0.99619470552656297,-0.078989835953889337,0.50092235610721281,-0.049990406952298158,0.86404730910103678],[1904.5,3447.25,1208.75,1904.0163105014808,3447.2499998838216,1207.4210739414766,0.4226182800021171,-7.9231940233699538e-08,-0.90630777852120747,179.99999499104396,4.5396557780237697e-06,2.3357147943306453e-06,1.905578801923797e-15,-0.99999999999999634,8.7422775040408268e-08,0.90630783254136749,3.6946466749811275e-08,0.42261830519212951],[1905.84423828125,3444.25,1208.8250732421875,1906.8421011695955,3444.1341763834275,1207.8296564722327,0.99932034959798521,-0.036833603722463575,0.0014575720144957558,175.46640323109261,2.1108875330682886,88.942943531697253,-0.036833608105341815,-0.9961946915672244,0.078990010806587393,0.0014574612526653383,0.078990012850354785,0.99687434196923641],[1905.8358154296875,3443.7958984375,1203.093017578125,1906.1996011472868,3443.6745140378557,1201.7317954143346,0.86470808317583581,-0.071393841434145511,-0.49717486893008583,175.46640317969687,4.0940487827988186,5.6990780288900638,-0.036833606335098884,-0.99619469156141294,0.078990011705356022,0.5009223655764663,0.049990558209900074,0.8640472948601482],[1903.9573974609375,3443.6083984375,1199.852783203125,1904.3211831785368,3443.4870140378557,1198.4915610393346,0.86470808317583581,-0.071393841434145511,-0.49717486893008583,175.46640317969687,4.0940487827988186,5.6990780288900638,-0.036833606335098884,-0.99619469156141294,0.078990011705356022,0.5009223655764663,0.049990558209900074,0.8640472948601482],[1905.0,3448.0,1200.0,1904.0,3447.9999999125771,1199.0,0.0,-8.7422776573475527e-08,-0.99999999999999623,179.99999499104385,5.0089561309753183e-06,0.0,0.0,-0.99999999999999623,8.7422776573475527e-08,1.0,0.0,0.0],[1905.0,3449.75,1199.5,1904.0,3449.7499999125771,1198.5,0.0,-8.7422776573475527e-08,-0.99999999999999623,179.99999499104385,5.0089561309753183e-06,0.0,0.0,-0.99999999999999623,8.7422776573475527e-08,1.0,0.0,0.0],[1905.5,3449.75,1190.25,1904.5,3449.7499999125771,1189.25,0.0,-8.7422776573475527e-08,-0.99999999999999623,179.99999499104385,5.0089561309753183e-06,0.0,0.0,-0.99999999999999623,8.7422776573475527e-08,1.0,0.0,0.0],[1906.0,3449.75,1183.0,1905.0,3449.7499999125771,1182.0,0.0,-8.7422776573475527e-08,-0.99999999999999623,179.99999499104385,5.0089561309753183e-06,0.0,0.0,-0.99999999999999623,8.7422776573475527e-08,1.0,0.0,0.0],[1904.25,3449.75,1181.25,1903.25,3449.7499999125771,1180.25,0.0,-8.7422776573475527e-08,-0.99999999999999623,179.99999499104385,5.0089561309753183e-06,0.0,0.0,-0.99999999999999623,8.7422776573475527e-08,1.0,0.0,0.0],[1905.0,3448.0,1200.0,1904.0,3447.9999999125771,1199.0,0.0,-8.7422776573475527e-08,-0.99999999999999623,179.99999499104385,5.0089561309753183e-06,0.0,0.0,-0.99999999999999623,8.7422776573475527e-08,1.0,0.0,0.0],[1905.0,3446.25,1199.5,1904.0,3446.2499999125771,1198.5,0.0,-8.7422776573475527e-08,-0.99999999999999623,179.99999499104385,5.0089561309753183e-06,0.0,0.0,-0.99999999999999623,8.7422776573475527e-08,1.0,0.0,0.0],[1905.5,3446.25,1190.25,1904.5,3446.2499999125771,1189.25,0.0,-8.7422776573475527e-08,-0.99999999999999623,179.99999499104385,5.0089561309753183e-06,0.0,0.0,-0.99999999999999623,8.7422776573475527e-08,1.0,0.0,0.0],[1906.0,3446.25,1183.0,1905.0,3446.2499999125771,1182.0,0.0,-8.7422776573475527e-08,-0.99999999999999623,179.99999499104385,5.0089561309753183e-06,0.0,0.0,-0.99999999999999623,8.7422776573475527e-08,1.0,0.0,0.0],[1904.25,3446.25,1181.25,1903.25,3446.2499999125771,1180.25,0.0,-8.7422776573475527e-08,-0.99999999999999623,179.99999499104385,5.0089561309753183e-06,0.0,0.0,-0.99999999999999623,8.7422776573475527e-08,1.0,0.0,0.0],[1908.0,3448.0,1208.5,1907.0,3447.9999999125771,1207.5,0.0,-8.7422776573475527e-08,-0.99999999999999623,179.99999499104385,5.0089561309753183e-06,0.0,0.0,-0.99999999999999623,8.7422776573475527e-08,1.0,0.0,0.0],[1901.3209228515625,3444.15771484375,1201.642333984375,1902.2137162850149,3445.0357944170155,1200.9851459228598,-0.07898999024148369,0.90285897467454201,-0.42261833051973147,63.881247228760216,-64.536449155390599,178.53933757277849,0.22225561607093078,0.42922214891060873,0.87542606084665453,-0.97178342369407678,0.024779401409113416,0.23456973099533687],[1901.3209228515625,3444.15771484375,1201.642333984375,1902.2137162843042,3445.0357944156426,1200.9851459200604,-0.07898999024148369,0.90285897467454201,-0.42261833051973147,63.881247213534834,-64.536449155390599,178.53933749083359,0.22225561917864972,0.42922214883136528,0.87542606009651125,-0.97178342298331344,0.024779402781746215,0.23456973379490936],[1904.3748779296875,3444.249267578125,1202.650390625,1904.8143368479955,3445.3353096564197,1201.8583120535866,-0.36385620208309194,0.90385253648182395,-0.22507611268422392,63.962036136096422,-64.669179715899375,-167.22164940899634,0.47148009667077362,0.38711440576306361,0.79236920390309717,-0.80331516827242677,-0.18218955267248776,0.56700249252515778],[1904.3748779296875,3444.249267578125,1202.650390625,1904.8143368374656,3445.335309647774,1201.8583120358899,-0.36385620208309194,0.90385253648182395,-0.22507611268422392,63.962035537406116,-64.669179715899375,-167.22164983348145,0.47148011461197303,0.38711440983207568,0.79236919123969274,-0.80331515774241335,-0.18218954402669357,0.56700251022189274],[1902.7735595703125,3451.419189453125,1201.1502685546875,1903.7109219510303,3451.0393837287374,1200.1617851815663,0.8002091360854735,-0.59929666766370171,-0.022557540923659681,-161.48351480185678,36.819541767491565,-122.00001523617841,-0.5838273083816522,-0.76984883577691088,-0.25783414056476356,-0.13715325280729876,-0.2194909563585197,0.96592588977131144],[1902.7735595703125,3451.419189453125,1201.1502685546875,1903.7109219526485,3451.0393837308711,1200.1617851822809,0.8002091360854735,-0.59929666766370171,-0.022557540923659681,-161.48351460904743,36.819541767491565,-122.00001528966014,-0.58382730800147209,-0.76984883516849578,-0.25783414324224901,-0.13715325442563128,-0.21949095849249217,0.96592588905661148],[1907.199951171875,3451.64990234375,1197.1500244140625,1907.9024358571232,3452.0554823147954,1198.3084803493828,0.85286846096920277,0.49240399746560998,0.173648183301499,-6.5187512119664336e-06,-29.498712193803062,29.999975147331124,-0.5000001082839014,0.86602534126668451,-9.8530882919340609e-08,0.15038378468459315,0.086824031595285345,-0.98480781071779644],[1907.6500244140625,3445.25,1203.0999755859375,1906.570796494553,3445.4545004658307,1203.9907318136597,-0.99240388244554589,0.075555284102434242,-0.097087245049016377,172.99999477024264,-4.3331282701628995,-56.046013605225021,-0.087155726690337193,-0.98876920418933267,0.12140568418271422,0.086824042239091473,-0.12894518941422545,-0.98784353165139183],[1907.6500244140625,3450.75,1203.0999755859375,1906.5707964953399,3450.5454996953213,1203.9907318516107,-0.99240388276395963,-0.075555299027836795,-0.097087230179006334,-173.00000496525172,4.3331291277768651,56.045977695943094,0.087155724165898743,-0.9887692260110299,-0.12140550827152151,0.086824041133685595,0.12894501333682426,-0.98784355473226759],[1906.8199462890625,3444.7744140625,1187.6939697265625,1907.7289851803203,3445.036500188407,1186.6427993517952,0.9961946929359875,0.021084889191055056,-0.084566903774317109,-166.00000426170996,-1.2081646929039465,-70.117958717363393,-1.317282118959385e-09,-0.97029580210449162,-0.24192183784789106,0.087155806873113556,-0.24100125108078807,0.966603528606787],[1906.8199462890625,3451.2255859375,1187.6939697265625,1907.7289851764297,3450.9634996284258,1186.6427993940997,0.99619469262299354,-0.021084904085591185,-0.084566903747747071,165.99999428638245,1.2081655464877659,70.117970759455872,2.035509200310729e-09,-0.97029570215119232,0.24192199235895209,0.087155805255756169,0.24100140498890518,0.96660342871500016],[1907.0999755859375,3445.800048828125,1207.6500244140625,1906.1151678774947,3444.8000487774871,1207.4763762752409,-0.98480775215418959,-5.0637717395849293e-08,-0.17364818253298758,-90.000002062871005,2.901327490958356e-06,90.000002504478076,0.17364819288322836,-3.5456913023612234e-08,-0.98480781085330982,-4.3711388505032957e-08,1.0000000000000089,-4.3711388325229554e-08],[1909.5999755859375,3448.0,1206.5999755859375,1908.5999755859375,3447.0,1206.5999756733604,-0.99999999999999911,3.8213709303294069e-15,4.3711388286737889e-08,-90.000002504478061,-2.1894842626185596e-13,89.999999999999901,-4.3711388286738015e-08,-4.3711388286737763e-08,-0.99999999999999822,1.910685464375439e-15,0.99999999999999922,-4.3711388286737889e-08],[1955.0,3448.0,1251.0,1954.633974606832,3447.9999998805783,1249.633974593371,0.50000000673058542,-7.5710347455758143e-08,-0.86602539989852989,179.99999499104379,4.3378833746839762e-06,2.8919222224824985e-06,-1.2067369593470562e-15,-0.99999999999999611,8.74227786636052e-08,0.86602539989853322,4.3711388875144222e-08,0.50000000673058342],[1905.0,3448.0,1201.0,1904.0,3447.9999999125771,1200.0,0.0,-8.7422776573475527e-08,-0.99999999999999623,179.99999499104385,5.0089561309753183e-06,0.0,0.0,-0.99999999999999623,8.7422776573475527e-08,1.0,0.0,0.0],[1905.0,3448.0,1201.0,1904.0,3447.9999999125771,1200.0,0.0,-8.7422776573475527e-08,-0.99999999999999623,179.99999499104385,5.0089561309753183e-06,0.0,0.0,-0.99999999999999623,8.7422776573475527e-08,1.0,0.0,0.0],[1905.0,3448.0,1201.0,1904.0,3447.9999999125771,1200.0,0.0,-8.7422776573475527e-08,-0.99999999999999623,179.99999499104385,5.0089561309753183e-06,0.0,0.0,-0.99999999999999623,8.7422776573475527e-08,1.0,0.0,0.0],[1905.0,3448.0,1201.0,1904.0,3447.9999999125771,1200.0,0.0,-8.7422776573475527e-08,-0.99999999999999623,179.99999499104385,5.0089561309753183e-06,0.0,0.0,-0.99999999999999623,8.7422776573475527e-08,1.0,0.0,0.0],[1905.0,3448.0,1201.0,1904.0,3447.9999999125771,1200.0,0.0,-8.7422776573475527e-08,-0.99999999999999623,179.99999499104385,5.0089561309753183e-06,0.0,0.0,-0.99999999999999623,8.7422776573475527e-08,1.0,0.0,0.0],[1905.0,3448.0,1201.0,1904.0,3447.9999999125771,1200.0,0.0,-8.7422776573475527e-08,-0.99999999999999623,179.99999499104385,5.0089561309753183e-06,0.0,0.0,-0.99999999999999623,8.7422776573475527e-08,1.0,0.0,0.0],[1905.0,3448.0,1201.0,1904.0,3447.9999999125771,1200.0,0.0,-8.7422776573475527e-08,-0.99999999999999623,179.99999499104385,5.0089561309753183e-06,0.0,0.0,-0.99999999999999623,8.7422776573475527e-08,1.0,0.0,0.0],[1905.0,3448.0,1201.0,1904.0,3447.9999999125771,1200.0,0.0,-8.7422776573475527e-08,-0.99999999999999623,179.99999499104385,5.0089561309753183e-06,0.0,0.0,-0.99999999999999623,8.7422776573475527e-08,1.0,0.0,0.0],[1905.0,3448.0,1201.0,1904.0,3447.9999999125771,1200.0,0.0,-8.7422776573475527e-08,-0.99999999999999623,179.99999499104385,5.0089561309753183e-06,0.0,0.0,-0.99999999999999623,8.7422776573475527e-08,1.0,0.0,0.0],[1905.0,3448.0,1201.0,1904.0,3447.9999999125771,1200.0,0.0,-8.7422776573475527e-08,-0.99999999999999623,179.99999499104385,5.0089561309753183e-06,0.0,0.0,-0.99999999999999623,8.7422776573475527e-08,1.0,0.0,0.0],[1905.0,3448.0,1201.0,1904.0,3447.9999999125771,1200.0,0.0,-8.7422776573475527e-08,-0.99999999999999623,179.99999499104385,5.0089561309753183e-06,0.0,0.0,-0.99999999999999623,8.7422776573475527e-08,1.0,0.0,0.0],[1905.0,3448.0,1201.0,1904.0,3447.9999999125771,1200.0,0.0,-8.7422776573475527e-08,-0.99999999999999623,179.99999499104385,5.0089561309753183e-06,0.0,0.0,-0.99999999999999623,8.7422776573475527e-08,1.0,0.0,0.0],[1905.0,3448.0,1201.0,1904.0,3447.9999999125771,1200.0,0.0,-8.7422776573475527e-08,-0.99999999999999623,179.99999499104385,5.0089561309753183e-06,0.0,0.0,-0.99999999999999623,8.7422776573475527e-08,1.0,0.0,0.0],[1905.0,3448.0,1201.0,1904.0,3447.9999999125771,1200.0,0.0,-8.7422776573475527e-08,-0.99999999999999623,179.99999499104385,5.0089561309753183e-06,0.0,0.0,-0.9999999999